4.047060608863830566e-01
1.685572415590286255e-01
1.358578056097030640e-01
1.368958204984664917e-01
1.475999355316162109e-01
1.359947621822357178e-01
1.521005332469940186e-01
1.494512856006622314e-01
1.503238230943679810e-01
1.266504824161529541e-01
1.450652331113815308e-01
1.516285240650177002e-01
1.183690652251243591e-01
1.321103125810623169e-01
1.499010622501373291e-01
1.419227868318557739e-01
1.283693015575408936e-01
1.336190700531005859e-01
9.551925957202911377e-02
1.272791326045989990e-01
1.163437962532043457e-01
1.444415897130966187e-01
1.267506778240203857e-01
1.123114451766014099e-01
1.150913387537002563e-01
1.056596785783767700e-01
1.190156713128089905e-01
1.341074258089065552e-01
1.019296422600746155e-01
1.469807475805282593e-01
9.930182993412017822e-02
1.320176273584365845e-01
1.093874201178550720e-01
9.802103042602539062e-02
1.515041291713714600e-01
9.899204969406127930e-02
9.754320979118347168e-02
1.025820150971412659e-01
1.059961095452308655e-01
1.279765069484710693e-01
1.201706975698471069e-01
9.156505018472671509e-02
1.324267089366912842e-01
1.068982630968093872e-01
1.220842003822326660e-01
1.096188426017761230e-01
9.619680792093276978e-02
1.332141607999801636e-01
1.179763078689575195e-01
8.791201561689376831e-02
1.137508004903793335e-01
1.029115766286849976e-01
8.012797683477401733e-02
1.106212288141250610e-01
1.044654250144958496e-01
1.126587614417076111e-01
1.001491546630859375e-01
1.233120188117027283e-01
1.327690333127975464e-01
1.035946980118751526e-01
1.316577494144439697e-01
7.975868135690689087e-02
1.406500786542892456e-01
9.938848763704299927e-02
1.017897501587867737e-01
1.036129221320152283e-01
1.089268699288368225e-01
1.136037260293960571e-01
1.188859939575195312e-01
1.021234989166259766e-01
1.026818156242370605e-01
1.197570934891700745e-01
9.380678832530975342e-02
9.767056256532669067e-02
1.178042665123939514e-01
9.805889427661895752e-02
1.269721537828445435e-01
1.259079873561859131e-01
1.136210113763809204e-01
1.099243909120559692e-01
9.835057705640792847e-02
1.241019368171691895e-01
9.345078468322753906e-02
1.062873452901840210e-01
1.150561124086380005e-01
1.136756911873817444e-01
1.110463365912437439e-01
1.184441894292831421e-01
9.490336477756500244e-02
1.230168119072914124e-01
1.071076020598411560e-01
9.014308452606201172e-02
8.465130627155303955e-02
1.017814874649047852e-01
1.117460951209068298e-01
9.882890433073043823e-02
9.360598772764205933e-02
9.086216986179351807e-02
1.076854020357131958e-01
1.488734036684036255e-01
