4.585874676704406738e-01
2.955443263053894043e-01
2.824396193027496338e-01
2.704643607139587402e-01
2.190218418836593628e-01
1.949661225080490112e-01
2.427545785903930664e-01
2.688928246498107910e-01
2.269646376371383667e-01
2.414549887180328369e-01
2.183775603771209717e-01
2.602706849575042725e-01
1.847385466098785400e-01
2.335987538099288940e-01
2.363200932741165161e-01
2.519477605819702148e-01
2.274615317583084106e-01
2.150389254093170166e-01
2.072309702634811401e-01
2.119362801313400269e-01
2.498977929353713989e-01
2.006437331438064575e-01
1.721883714199066162e-01
2.086323201656341553e-01
2.279078513383865356e-01
3.155286908149719238e-01
1.782426089048385620e-01
1.615334451198577881e-01
1.015858277678489685e-01
1.530518680810928345e-01
1.151004210114479065e-01
1.408102661371231079e-01
1.839426159858703613e-01
9.799896180629730225e-02
1.438348889350891113e-01
9.628112614154815674e-02
1.369272172451019287e-01
1.536125242710113525e-01
1.485153436660766602e-01
1.892913281917572021e-01
1.147172674536705017e-01
1.389785706996917725e-01
1.811943650245666504e-01
1.000206917524337769e-01
1.842364370822906494e-01
1.931039988994598389e-01
1.535850167274475098e-01
9.445792436599731445e-02
1.686886847019195557e-01
8.324415981769561768e-02
2.577455341815948486e-01
2.488402128219604492e-01
1.233752369880676270e-01
1.326563060283660889e-01
1.808702647686004639e-01
1.180113554000854492e-01
7.693674415349960327e-02
1.507856696844100952e-01
1.371677070856094360e-01
1.246918439865112305e-01
9.800146520137786865e-02
1.383954882621765137e-01
1.155239120125770569e-01
1.823033094406127930e-01
1.454885900020599365e-01
1.399105191230773926e-01
1.360771656036376953e-01
1.504045426845550537e-01
1.348496675491333008e-01
1.702845990657806396e-01
1.025319844484329224e-01
1.798911392688751221e-01
1.119450554251670837e-01
1.198240965604782104e-01
1.472787410020828247e-01
1.121810674667358398e-01
1.067189425230026245e-01
1.905201077461242676e-01
7.775232195854187012e-02
1.021424680948257446e-01
1.318887025117874146e-01
8.718065917491912842e-02
1.074404269456863403e-01
9.388530999422073364e-02
1.442478001117706299e-01
8.398173004388809204e-02
1.620136797428131104e-01
1.017832756042480469e-01
1.568921059370040894e-01
1.261680126190185547e-01
1.528296619653701782e-01
1.838868558406829834e-01
1.658122688531875610e-01
1.093855127692222595e-01
7.448426634073257446e-02
1.688310056924819946e-01
1.194045916199684143e-01
1.556097716093063354e-01
8.832576125860214233e-02
1.193904280662536621e-01
