4.361001849174499512e-01
1.538276374340057373e-01
1.246190816164016724e-01
1.619549691677093506e-01
1.421159058809280396e-01
1.384154856204986572e-01
1.185667514801025391e-01
1.252699792385101318e-01
1.137575060129165649e-01
1.344020664691925049e-01
1.270648986101150513e-01
1.439126878976821899e-01
1.332985460758209229e-01
1.409983336925506592e-01
1.533247679471969604e-01
1.303347796201705933e-01
1.361618041992187500e-01
9.258766472339630127e-02
1.108302101492881775e-01
1.202165484428405762e-01
1.079958304762840271e-01
1.387016326189041138e-01
1.313724219799041748e-01
1.456007212400436401e-01
1.097734421491622925e-01
1.022029742598533630e-01
8.848831802606582642e-02
1.094579100608825684e-01
1.125493422150611877e-01
1.259652823209762573e-01
1.294315159320831299e-01
1.053686738014221191e-01
1.185905933380126953e-01
9.966413676738739014e-02
1.176081299781799316e-01
1.180963739752769470e-01
1.144186034798622131e-01
1.002292409539222717e-01
1.349544674158096313e-01
1.327035725116729736e-01
1.366816312074661255e-01
1.102771535515785217e-01
1.036211997270584106e-01
1.090140938758850098e-01
9.372845292091369629e-02
1.041042432188987732e-01
1.035024151206016541e-01
1.189844459295272827e-01
1.172378063201904297e-01
9.442906826734542847e-02
1.088634505867958069e-01
9.288281202316284180e-02
1.391951143741607666e-01
1.047625765204429626e-01
1.014852523803710938e-01
1.103082522749900818e-01
1.180458068847656250e-01
1.689019501209259033e-01
1.103740185499191284e-01
1.215363889932632446e-01
1.131624355912208557e-01
1.270960867404937744e-01
1.208721995353698730e-01
1.412433683872222900e-01
1.072073802351951599e-01
1.038183718919754028e-01
1.126695498824119568e-01
1.230160370469093323e-01
1.201698929071426392e-01
1.295122057199478149e-01
1.162948235869407654e-01
1.162665039300918579e-01
9.712857007980346680e-02
1.041514277458190918e-01
1.079310923814773560e-01
9.615606814622879028e-02
1.128175482153892517e-01
1.229675859212875366e-01
1.059070602059364319e-01
1.134528294205665588e-01
9.317808598279953003e-02
9.454800188541412354e-02
9.367065876722335815e-02
1.140421256422996521e-01
8.827070146799087524e-02
8.178903162479400635e-02
8.506202697753906250e-02
9.753309190273284912e-02
1.035876721143722534e-01
1.086408346891403198e-01
1.173996478319168091e-01
7.656315714120864868e-02
9.998480975627899170e-02
1.166533008217811584e-01
1.053735166788101196e-01
1.367677450180053711e-01
9.388881176710128784e-02
8.048140257596969604e-02
1.171646937727928162e-01
6.575078517198562622e-02
