4.703103899955749512e-01
1.332037150859832764e-01
1.408199518918991089e-01
1.567514836788177490e-01
1.317879408597946167e-01
1.536572724580764771e-01
1.392383426427841187e-01
1.118907332420349121e-01
1.451764404773712158e-01
1.307771503925323486e-01
1.126017943024635315e-01
1.269580125808715820e-01
1.221461892127990723e-01
1.459883004426956177e-01
1.458691805601119995e-01
1.110785156488418579e-01
9.691123664379119873e-02
1.026857346296310425e-01
1.253101527690887451e-01
1.292755603790283203e-01
1.401307880878448486e-01
9.755867719650268555e-02
1.067725196480751038e-01
1.221417412161827087e-01
1.149773597717285156e-01
1.075809821486473083e-01
1.037418469786643982e-01
1.130109056830406189e-01
1.395217627286911011e-01
1.122767329216003418e-01
1.082108244299888611e-01
1.340491175651550293e-01
1.210131421685218811e-01
1.342218071222305298e-01
9.812316298484802246e-02
1.018496900796890259e-01
1.286621689796447754e-01
1.042773276567459106e-01
1.195264309644699097e-01
9.074997156858444214e-02
1.302883774042129517e-01
1.263405382633209229e-01
1.135552525520324707e-01
1.038604527711868286e-01
9.073220193386077881e-02
9.544774889945983887e-02
1.070040017366409302e-01
1.340359151363372803e-01
1.089703291654586792e-01
1.230427250266075134e-01
1.357332020998001099e-01
1.017148345708847046e-01
1.230464577674865723e-01
1.358986049890518188e-01
9.603516757488250732e-02
1.157934218645095825e-01
8.134366571903228760e-02
9.947143495082855225e-02
8.449965715408325195e-02
1.276202052831649780e-01
1.196753010153770447e-01
1.261041462421417236e-01
9.953788667917251587e-02
1.043533831834793091e-01
1.068546921014785767e-01
1.191816180944442749e-01
1.269365251064300537e-01
1.335392296314239502e-01
1.259516030550003052e-01
1.136541962623596191e-01
1.229141131043434143e-01
1.271279901266098022e-01
1.374729871749877930e-01
1.013650298118591309e-01
9.976734220981597900e-02
8.719569444656372070e-02
1.086953505873680115e-01
1.267708241939544678e-01
9.744952619075775146e-02
1.199453324079513550e-01
9.750578552484512329e-02
1.001053005456924438e-01
8.562424778938293457e-02
8.427216112613677979e-02
1.123256683349609375e-01
1.007208377122879028e-01
9.981878101825714111e-02
1.041772514581680298e-01
7.716371119022369385e-02
1.051540821790695190e-01
7.292766124010086060e-02
1.147860437631607056e-01
7.824051380157470703e-02
1.146033033728599548e-01
9.997122734785079956e-02
9.976524859666824341e-02
9.852392971515655518e-02
1.368219107389450073e-01
7.539652287960052490e-02
1.215826869010925293e-01
