5.107251405715942383e-01
3.464094996452331543e-01
3.273896574974060059e-01
3.600292503833770752e-01
3.178953528404235840e-01
2.889370024204254150e-01
1.752733141183853149e-01
1.611114442348480225e-01
1.205414310097694397e-01
1.470455974340438843e-01
2.029807269573211670e-01
2.087104767560958862e-01
1.577427983283996582e-01
1.579815000295639038e-01
1.943680793046951294e-01
1.396393924951553345e-01
1.426839083433151245e-01
2.131351530551910400e-01
1.710321456193923950e-01
1.604433953762054443e-01
1.215771213173866272e-01
7.948566973209381104e-02
8.419297635555267334e-02
1.734251379966735840e-01
1.101567521691322327e-01
1.387234181165695190e-01
1.611391305923461914e-01
1.516826301813125610e-01
1.437923163175582886e-01
1.681459993124008179e-01
1.412699520587921143e-01
1.123254299163818359e-01
1.363685578107833862e-01
7.810731232166290283e-02
2.511620521545410156e-01
1.144832596182823181e-01
1.301913112401962280e-01
1.712504476308822632e-01
1.236512884497642517e-01
1.426631361246109009e-01
1.974104940891265869e-01
1.551803648471832275e-01
1.032344326376914978e-01
1.838732659816741943e-01
1.427225321531295776e-01
1.734379231929779053e-01
7.146704941987991333e-02
8.270129561424255371e-02
1.245530992746353149e-01
1.129466518759727478e-01
9.198957681655883789e-02
1.477495729923248291e-01
1.379419565200805664e-01
1.477535068988800049e-01
1.155352741479873657e-01
1.407435536384582520e-01
1.519507467746734619e-01
1.205553188920021057e-01
1.509944498538970947e-01
9.771762043237686157e-02
1.269546002149581909e-01
1.371237337589263916e-01
1.492433398962020874e-01
8.797633647918701172e-02
1.437623947858810425e-01
1.186943277716636658e-01
1.624917089939117432e-01
1.336656957864761353e-01
1.160262674093246460e-01
1.144757419824600220e-01
1.180770397186279297e-01
1.104267686605453491e-01
1.423519104719161987e-01
1.326505988836288452e-01
1.176629513502120972e-01
9.434828907251358032e-02
8.445803821086883545e-02
1.493769735097885132e-01
1.542232930660247803e-01
1.505157947540283203e-01
1.192746385931968689e-01
1.026708334684371948e-01
1.463941037654876709e-01
1.073909178376197815e-01
2.276101559400558472e-01
1.909818351268768311e-01
1.178012117743492126e-01
1.236891299486160278e-01
1.007834896445274353e-01
1.038244739174842834e-01
1.936616599559783936e-01
1.196539029479026794e-01
1.590574681758880615e-01
1.316647976636886597e-01
1.612065881490707397e-01
1.352066546678543091e-01
1.555747538805007935e-01
1.205364316701889038e-01
1.168927326798439026e-01
1.440500319004058838e-01
