5.554929971694946289e-01
3.101330399513244629e-01
3.276499807834625244e-01
3.484517633914947510e-01
3.673064112663269043e-01
1.798632293939590454e-01
1.270143687725067139e-01
2.078930437564849854e-01
1.142349243164062500e-01
1.610034406185150146e-01
1.096270084381103516e-01
1.572282612323760986e-01
1.690303683280944824e-01
1.832647025585174561e-01
1.173030361533164978e-01
1.059028878808021545e-01
1.535764187574386597e-01
1.589697897434234619e-01
1.755328029394149780e-01
3.683538436889648438e-01
1.503147333860397339e-01
2.178622782230377197e-01
1.567246913909912109e-01
1.500907838344573975e-01
1.440654098987579346e-01
1.387887299060821533e-01
1.790352761745452881e-01
1.654956936836242676e-01
1.175829991698265076e-01
1.556130349636077881e-01
1.262359917163848877e-01
1.492508500814437866e-01
1.686458289623260498e-01
6.077333167195320129e-02
9.882392734289169312e-02
1.363641321659088135e-01
1.077767014503479004e-01
2.374332398176193237e-01
1.522627323865890503e-01
1.291506588459014893e-01
9.731959551572799683e-02
1.241865009069442749e-01
1.731886565685272217e-01
7.910978049039840698e-02
1.337020695209503174e-01
9.576752036809921265e-02
1.285853683948516846e-01
1.149178519845008850e-01
2.009681910276412964e-01
1.415041089057922363e-01
8.549495041370391846e-02
1.566191017627716064e-01
1.802255213260650635e-01
1.143390387296676636e-01
1.185959801077842712e-01
6.732313334941864014e-02
1.692688763141632080e-01
1.024312227964401245e-01
1.228556782007217407e-01
1.532451510429382324e-01
6.278820335865020752e-02
9.507935494184494019e-02
1.237610355019569397e-01
1.529850810766220093e-01
6.498985737562179565e-02
1.417482942342758179e-01
8.558492362499237061e-02
1.136147156357765198e-01
1.319203674793243408e-01
1.256103813648223877e-01
1.431786715984344482e-01
2.812820076942443848e-01
1.362689435482025146e-01
1.336488276720046997e-01
1.344072967767715454e-01
1.760592162609100342e-01
1.321150809526443481e-01
8.501444756984710693e-02
1.266580522060394287e-01
1.084329336881637573e-01
1.231125444173812866e-01
1.102480888366699219e-01
1.890501230955123901e-01
1.028761714696884155e-01
1.524575054645538330e-01
1.180742532014846802e-01
6.852339953184127808e-02
1.658448874950408936e-01
1.557204127311706543e-01
1.262886971235275269e-01
9.392660856246948242e-02
1.627033501863479614e-01
1.190572008490562439e-01
1.073378473520278931e-01
9.696315228939056396e-02
9.138970822095870972e-02
1.301328241825103760e-01
1.125126928091049194e-01
1.401564180850982666e-01
1.625217944383621216e-01
