5.071116685867309570e-01
2.998928427696228027e-01
1.630562543869018555e-01
1.720683872699737549e-01
2.626592516899108887e-01
2.384017258882522583e-01
2.124131470918655396e-01
2.430836707353591919e-01
1.716443151235580444e-01
1.897260248661041260e-01
2.377588301897048950e-01
2.743957638740539551e-01
2.369494736194610596e-01
2.131481915712356567e-01
1.850453764200210571e-01
2.518355846405029297e-01
1.461218595504760742e-01
1.863470375537872314e-01
2.043346613645553589e-01
1.637890934944152832e-01
1.719706803560256958e-01
1.715649217367172241e-01
1.435430645942687988e-01
1.522050499916076660e-01
1.340668052434921265e-01
1.227030158042907715e-01
8.665455877780914307e-02
9.054725617170333862e-02
1.254200488328933716e-01
1.011980175971984863e-01
1.199148073792457581e-01
9.273222088813781738e-02
1.488077938556671143e-01
1.217241436243057251e-01
3.148062825202941895e-01
1.555140316486358643e-01
1.700980961322784424e-01
2.349195182323455811e-01
1.389728784561157227e-01
1.309315264225006104e-01
2.759842276573181152e-01
1.422218084335327148e-01
1.658707708120346069e-01
1.438419073820114136e-01
8.679473400115966797e-02
1.289982497692108154e-01
1.026960834860801697e-01
1.291527152061462402e-01
1.379514485597610474e-01
1.040120571851730347e-01
1.363713443279266357e-01
1.096217036247253418e-01
1.564901322126388550e-01
9.111625701189041138e-02
2.229139357805252075e-01
1.147545203566551208e-01
8.970086276531219482e-02
1.388184130191802979e-01
1.026020050048828125e-01
1.238548755645751953e-01
1.337480247020721436e-01
1.335103064775466919e-01
1.446262449026107788e-01
1.713197827339172363e-01
1.470580399036407471e-01
1.836025267839431763e-01
1.265942752361297607e-01
1.447178572416305542e-01
9.388321638107299805e-02
1.908914148807525635e-01
1.560401767492294312e-01
1.072292327880859375e-01
1.010246425867080688e-01
8.643314987421035767e-02
1.270440220832824707e-01
1.075414195656776428e-01
9.101771563291549683e-02
1.482151746749877930e-01
8.592905104160308838e-02
1.226811856031417847e-01
1.267914175987243652e-01
1.003336161375045776e-01
8.944080770015716553e-02
2.490174472332000732e-01
1.613695174455642700e-01
1.581230461597442627e-01
1.064113005995750427e-01
1.580439954996109009e-01
1.309458613395690918e-01
1.574148833751678467e-01
1.465707421302795410e-01
2.058050185441970825e-01
1.403915882110595703e-01
1.478219479322433472e-01
1.087344288825988770e-01
8.542633801698684692e-02
1.023156419396400452e-01
8.151159435510635376e-02
1.299124211072921753e-01
9.870590269565582275e-02
