4.740199148654937744e-01
2.379727065563201904e-01
2.894356846809387207e-01
2.564332485198974609e-01
2.917043566703796387e-01
2.079492807388305664e-01
3.052367269992828369e-01
1.783393174409866333e-01
2.324397861957550049e-01
2.912212312221527100e-01
2.758865356445312500e-01
2.347034662961959839e-01
2.288744896650314331e-01
1.877340078353881836e-01
2.390702515840530396e-01
1.962437629699707031e-01
2.964335083961486816e-01
2.253620326519012451e-01
2.520204186439514160e-01
2.264066040515899658e-01
2.850701510906219482e-01
2.586148679256439209e-01
2.983787357807159424e-01
2.097736299037933350e-01
2.741219401359558105e-01
1.846416741609573364e-01
2.112872153520584106e-01
2.308255732059478760e-01
2.239728718996047974e-01
2.381887137889862061e-01
2.492764294147491455e-01
2.498075962066650391e-01
1.762325465679168701e-01
1.590883880853652954e-01
1.783923208713531494e-01
1.287502348423004150e-01
1.166673898696899414e-01
1.140621155500411987e-01
1.755428463220596313e-01
2.717166244983673096e-01
2.182746678590774536e-01
3.306536078453063965e-01
1.552107930183410645e-01
1.861143410205841064e-01
2.763313353061676025e-01
1.480161249637603760e-01
1.734982728958129883e-01
1.521163433790206909e-01
1.828718930482864380e-01
9.344470500946044922e-02
1.297066360712051392e-01
1.505822837352752686e-01
1.666944324970245361e-01
6.683304160833358765e-02
1.982184350490570068e-01
1.600458323955535889e-01
1.274442672729492188e-01
1.355502903461456299e-01
1.682237684726715088e-01
2.090661525726318359e-01
1.344443559646606445e-01
1.189797669649124146e-01
1.592840552330017090e-01
1.082070916891098022e-01
1.226078048348426819e-01
9.044282138347625732e-02
1.130577549338340759e-01
1.601163744926452637e-01
1.123013347387313843e-01
1.897325515747070312e-01
1.754842251539230347e-01
1.222014427185058594e-01
1.662641465663909912e-01
1.349986046552658081e-01
1.829011589288711548e-01
1.545579284429550171e-01
1.625692844390869141e-01
1.402623206377029419e-01
1.436772048473358154e-01
1.477477252483367920e-01
1.584333926439285278e-01
1.145588159561157227e-01
1.534088402986526489e-01
1.269801110029220581e-01
1.618762165307998657e-01
1.126796007156372070e-01
1.447879374027252197e-01
8.897548913955688477e-02
1.264154314994812012e-01
9.447426348924636841e-02
1.461042165756225586e-01
1.266380101442337036e-01
1.798596084117889404e-01
1.173786967992782593e-01
1.056928858160972595e-01
1.221297383308410645e-01
1.181838735938072205e-01
1.160397157073020935e-01
1.970013529062271118e-01
1.949146091938018799e-01
